
1.06581 -2.65426e-09 8.36712e-06 -1.60305e-05 0.172325 0.0029487 0 0 0 0 0 0 0.51113 -2.77014e-08 8.70988e-05 3.34708e-11 -1.03447e-06 -1.74876e-08 -1.75773e-05 -2.98199e-10 -2.56561e-08 0 1.72415e-06
-2.65426e-09 1.06581 9.42302e-06 -0.17235 -1.09056e-05 -0.00030054 0 0 0 0 0 0 -4.7333e-08 0.51113 0.000168293 1.03462e-06 3.30214e-12 1.78814e-09 7.26725e-10 -1.75748e-05 -2.93615e-07 1.72415e-06 0
8.36712e-06 9.42302e-06 1.0361 -5.46782e-05 4.85367e-05 7.35246e-07 0 0 0 0 0 0 9.04501e-05 0.000101865 0.190016 2.10826e-10 -2.78876e-10 -4.35121e-12 2.56475e-08 2.93616e-07 -1.75748e-05 0 0
-1.60305e-05 -0.17235 -5.46782e-05 1 -6.01532e-16 5.03107e-15 0 0 0 0 0 0 -0.000173856 -1.86314 -0.000976508 -1.90021e-05 5.56021e-10 3.78492e-11 0 0 0 0 0
0.172325 -1.09056e-05 4.85367e-05 -6.01526e-16 1 -4.92286e-16 0 0 0 0 0 0 1.86286 -0.000118218 0.000505223 -5.56015e-10 -1.90021e-05 1.23602e-09 0 0 0 0 0
0.0029487 -0.00030054 7.35246e-07 5.03108e-15 -4.92249e-16 1 0 0 0 0 0 0 0.0322614 -0.00322946 7.05809e-06 -3.79118e-11 -1.23602e-09 -1.90021e-05 0 0 0 0 0
0 0 0 0 0 0 1e-05 0 0 0 0 0 0 0 0 0 0 0 0 0 0 0 0
0 0 0 0 0 0 0 1e-05 0 0 0 0 0 0 0 0 0 0 0 0 0 0 0
0 0 0 0 0 0 0 0 1e-05 0 0 0 0 0 0 0 0 0 0 0 0 0 0
0 0 0 0 0 0 0 0 0 1e-05 0 0 0 0 0 0 0 0 0 0 0 0 0
0 0 0 0 0 0 0 0 0 0 1e-05 0 0 0 0 0 0 0 0 0 0 0 0
0 0 0 0 0 0 0 0 0 0 0 1e-05 0 0 0 0 0 0 0 0 0 0 0
0.51113 -4.7333e-08 9.04501e-05 -0.000173856 1.86286 0.0322614 0 0 0 0 0 0 4.47135 -4.93465e-07 0.000941555 7.54037e-10 -1.72331e-05 -3.00512e-07 -0.000190013 -7.17886e-09 -2.77509e-07 0 1.86383e-05
-2.77014e-08 0.51113 0.000101865 -1.86314 -0.000118218 -0.00322946 0 0 0 0 0 0 -4.93465e-07 4.47135 0.00181928 1.72357e-05 2.40639e-10 2.96376e-08 1.18194e-08 -0.000189986 -3.17807e-06 1.86383e-05 0
8.70988e-05 0.000168293 0.190016 -0.000976508 0.000505223 7.05809e-06 0 0 0 0 0 0 0.000941555 0.00181928 1.00004 1.25994e-08 -4.49231e-09 -5.66309e-11 2.7735e-07 3.17808e-06 -0.000189986 0 0
3.34708e-11 1.03462e-06 2.10826e-10 -1.90021e-05 -5.56015e-10 -3.79118e-11 0 0 0 0 0 0 7.54037e-10 1.72357e-05 1.25994e-08 0.00010001 0 0 0 0 0 0 0
-1.03447e-06 3.30214e-12 -2.78876e-10 5.56021e-10 -1.90021e-05 -1.23602e-09 0 0 0 0 0 0 -1.72331e-05 2.40639e-10 -4.49231e-09 0 0.00010001 0 0 0 0 0 0
-1.74876e-08 1.78814e-09 -4.35121e-12 3.78492e-11 1.23602e-09 -1.90021e-05 0 0 0 0 0 0 -3.00512e-07 2.96376e-08 -5.66309e-11 0 0 0.00010001 0 0 0 0 0
-1.75773e-05 7.26725e-10 2.56475e-08 0 0 0 0 0 0 0 0 0 -0.000190013 1.18194e-08 2.7735e-07 0 0 0 0.00100001 0 0 0 0
-2.98199e-10 -1.75748e-05 2.93616e-07 0 0 0 0 0 0 0 0 0 -7.17886e-09 -0.000189986 3.17808e-06 0 0 0 0 0.00100001 0 0 0
-2.56561e-08 -2.93615e-07 -1.75748e-05 0 0 0 0 0 0 0 0 0 -2.77509e-07 -3.17807e-06 -0.000189986 0 0 0 0 0 0.00100001 0 0
0 1.72415e-06 0 0 0 0 0 0 0 0 0 0 0 1.86383e-05 0 0 0 0 0 0 0 1e-05 0
1.72415e-06 0 0 0 0 0 0 0 0 0 0 0 1.86383e-05 0 0 0 0 0 0 0 0 0 1e-05